Number of generations: 2000 ; Number of parents mating: 50 ; Number of solutions per population: 100 ; Crossover probability: 0.500000 ; Mutation probability: 0.100000
Best solution with these parameters: [788 171  99 643 118 745 422 315 898 472 639 473 249 854 109 432 137 431
 648  79  91 721 238 200 599  42 776 177 629 509 608 866 420 999 715 776
 723 606  92 360 991 862   7 598  97 574 466 436 496 356 659 723 338  46
 865 670 793 975  49 924 311 449 362 332 198  28 246 463 752 195 947 131
 631 843 531  20 273 192 410 561 271 880 763 264 517  13 965 674 931 453
 784 438 790 461 365 384 677  95 781 605 424 145 871 305 522 693 933 780
 720 837 663 818 279 917 732 445 794 132 595 921 396 391 816 530 861 567
 473 755 451 785 890 928 170 657 866 444 911 367 751 900 519 674 156  45
 404 725 779 246 904 623 284 405 553 500 375 950 445  67 923 534 463  73
 508 224 395 616 594 744 691 808 851 414 111 670 409 521  85 229  42 298
 717 673 750 808 202 535 832  27 936  80 573 717  89 233 302 109 912  92
  15 347 609 491 219 847 112 450 873 450 820  26 663 640 411  38 977 787
 543 425 668 412 270 718  76 872 488 711 358 905 310 782  55 647  84 300
 145 695 929 554 597 513 511 216 102 885 865 880 267 747 400 747 364 402
 344 339 199 734 551 969 986 237 774 731 206 380 910 126  18 638 685 340
 871 556 380 559 339 336 864 832  49  56 628 692 597 833 112 781 176 672
 626 194 139 881 614 853 426 853 834 610 924   1 852 868 780 399 213 483
 829  13 700 744 109 593 679 371 715 355 757 528 971 728 785 547 413 736
 425  19 640 888  30 176 958 613 656 956 538 716  19 242 162 446 411 591
 592 709 926 628 252 228 420 556 274 784 575 366 176 891 389 840 842 599
 841 127 391 544 648 546 286 125 564 265 756 925 708 377 834 885 106   3
 137  19 122 198 825 291 474 242 306 724 213 859 560  17 834 606 346 190
 206 887 576 192 581 494 822 773   3 983 834 268 194 290 521 197 256 783
 615 351  36 263 556 804 741 666 411 200 738 571 598 205 845 285 967 459
 667 800  78 758 317 963 992 845 432 485 747 164 510 372 473 952 316 310
 410 308 952 800 237 686  68 601 721 728 968 862 706 121  63 973 572 541
 982 580 658 618 860 899 276 767 773 166 861 230 724 390 221 356 568 918
 285 766 925 935 750  47 160 737 228 255 486 907 201 645 511 892 579 841
 289 134 608 690 867 431 902 426   4 682 909 202 998 281 814 586 139 761
 385 446 140 964  21 829 850 839 729 313 760 865 269 521 484 402 492 415
 853 173 828 805 878 955 193 625 524 651 427 895 236 752 181 830 619 534
 799 458 789 257 448 745 570 354 977 149 841 714 355 273 912 167 974 879
 212 933 160 793 132 373 218 806 217 509 658 774 928 690 846 275 502 352
 684 752  14 539 821  76 415 201 579 785 300 873 478 499 866   7   6  39
 138 550 953 312  30 855 170  87 849 104 792  79 957 804 443 686 835  96
 769 342 710 464 465 679 384 195 557 811 927 774 980 286 240 344 640 175
 156 464 976 675 320 658 192 561 117 818 804  85 966 950  90 948   0 688
 562 696 247 369 192 992 505 904  21 493 997 504 537 585 627 493 682 495
 892 842 379 712 893  67 598 419 206 624 471 824  10 338 525 883 539 352
 902 407 327 531 187 827  19  16  35  61 318 475 311 430 440 495  16 940
 182 771 471 786 557   6 611 186 419 947 155 505 714 344 560 317 774 102
 364 282 527 723 327 178 361 907 789 551 664  68 287 741 387 530 656 409
 986 675 117 253 679  34 895 891  45 204 340 859 952 206 588 300 371 577
 425 941 297 355 686 349  38 951 900 303 746 360 462 965 836 393 285 563
 534 203 759 587 969 625 280  82 966 508 433 214 404 525 512 652 644 569
 251 413 500 110  15 728 324 400 993 795 609 908 815 112  27 813 647 862
 189 106 358 371 826 143 975 796  66 507  12 961 610 293 839 642 550 181
 959 314 564  47 180  98 295 937 560 231 374 810 783 938 262 946   1  45
 219 850 932 766 658 941 654 210 828   8 813 222 898 800 208 208 956 706
 813 354 775 777 573 909 977 779 649 476 993 486 443 578 343 601  57 147
 940 200 980 301 465 421 799 448 208 140 850 536 140 413 132 347 105 871
 387 161 919 201   8  23  46  62 323 681 227 118 189  26 911 691 727 393
 505 896  43 326 162 179 962 275 772 946 902 432  39 146 124  17 665 367
 782 417 672 852 152 812 803 266 612 728 726  56 214 678 901 639 418 189
 259 989 950 852 538 482 316 736  23 678 236 157 392 829 568  65 772 380
 874 719 440 939 767 153 802 831  38 334] , score 0.003003003003003003
--------------------------------------------------

