Number of generations: 2000 ; Number of parents mating: 50 ; Number of solutions per population: 100 ; Crossover probability: 0.500000 ; Mutation probability: 0.100000
Best solution with these parameters: [318 190 799 838 199 560 358 774 280 709 820 192 894 487   0 550 608 921
 197 830 258 510 329 400 173 453 313 851 701 235 477 459 735 517  44 819
  50 897 229 573 794 856 403 939 798 579 785 684 269 828 508 235 608   6
 415 753 113 482 506 123 752 992 558 130 376 787 398 216 849 250 578 752
 371 737 595 157 759 232 169 683 910 800 751 881 156 830 842  50 666 802
 801  15 708 951  60 918 137 823 184  22 180 984 867 610 337 581 358 493
 733 526 672 904 233 163 979 869 954 610 644  49  72 175 773 459 175 285
  57 229 276 590 837  27 616 316 171 612 382 883 948 780  47 477 287 964
 322 981 754 477  77 246 380 964 109 604 547 989 482 348  99 523 498 407
   0 607 857 442 783 261  22 852 875  45 992 888 990 374 808 282 324 213
 770 287 386 487 269 927 392 459 578 872 781  98 539 300 146 358 497 819
 885 881 302 317 497 709 906 940 302 145 156 736 603 123 774 730 572 699
 562  85 796 935  78 715 619 129 780 794 425 998 183 207 173 451 782 253
 318 301 575 619 398 203  98  52 228  53 798 926 496 138 460  47 514 974
 129  88 615 737 290 308 206 575 365 900 944 753 213 118 338 968 647 503
 130 563   3 701 530 213 631 954   6 717 733 367 580 891 926 883 542 208
 605 256 259 661 339 329 633 470 177  22 197 995 386 254 374 934 260 697
 696 925 794 254 481 491 131 250  41 645 562 980 760 958 308 683 725 660
 826 737 144 745 791 540 339 602 960 359 179 119  62 875 796 344 721 131
 809 433 152 225 491 658 499 378 952 446 964  52 485 407 181 662 900 423
 312 572 815 183   4 776 956 828 244 970 218 932  69  50  84 106 386 381
 462 730 101 832 453 406 975  71 444 345 340 709 263 465  24 954 345 666
 414 238 395 330 969 543   2 683 190 805 570 135 687 550  21 858 769 890
  67 752 697 801 135  37 462 656 432 219 620 722 578 452 124 493 997 990
 831 470 389 157  57 919  78 678 147  17 750 661 981 661  12 201 504 592
 149 870 384 788 542 413 182 129 363 838 924 996 617 937 495 918 481 271
 274 253 727  22 144 575  11  30 357  81 553 295 764  89 482 140 488 600
 149 573 149 209 288 446  41 818  19 493 490 568 338 556 524 619 975 888
  46 749 649 906 623 388 313 169 633 641 101 125 288 774 864  84  69 360
 529 224 791 540 548 927 571 873 396 891 814 130 630 136  91  67 118 480
 277 729 508 229 454 444 579 119 137 682 367 542 883 463 663 662 891 806
 241 436 751 309 559 750 832  60 508 160 998 551 864 329 371 430 234 247
 822 924 142 254 218 912 851 367 813 950 921  35 883 415 953  24 218   4
 242  36 741 656 975 791 725 811  87 414 722 700 177 360 863  72 289 582
 779 594  11 552 253   4 623 317 928  90 562 185 410 924 439 251 527 432
 118 237 532 503 634 219 628   4 254 779 608 376 846 737 763 845 176 939
 468 229 720 384 566 428 130 329  17 606 271 411 786 268  96 285 465 982
 257 269 837 964 843 245 200 526 355  91 199 337 680 574 711 801 258 315
 449 480 338 962 995  29 325 526 998 576 568 204 970 233 675 497 941 724
 165 619  81 571 524 694 445 472 780  78 696 759 458 238 469 532   7 385
 506 948  21 997 182 244  93 587  37 904 382 289  62 786 536 353 318 504
  75 740 164 126 446 845 605 470  85 663 442 451 407 884 796  33 402 673
 312 590 100 481 617 640 557 694 473 372  56 496 198 541 257 664 212 895
 144 774 423 454 551 835 674 171 594 539 664 582 495 517 237 163 779 885
 558 506 678 253 351 928 220 119 604 351 553 550 119 253  70  23 987 432
 836 260 962 420  49 614 750 847 657  49 618 847 441 382 709 726 609 445
 661 543 434  18 950 206 498 642 182 862 320 510 834 122 793 310  38 289
 321 261  87 871 348 219 150 805 180 453   7 124 900 176 802 960 572 363
 900  74 437 277 580 605 159 411 622 602 614  90 566 322 296 682 570 316
 295 934 342 520 863 419 333 933 441 119 664 275 407  33 282 398 895 726
 788 419 689  22 865 606 828 966 740  36 636 402 829 700 208 984  63 460
 966 228 345 264 433 247 296 948 591 736 259 355 492 465 741 447 330 776
 314 440 504 535 201 406 784 718 578 206 815 566 150 122 481 625 285 481
   0 681  41 480 140 800 621 881 143 633 376 445 253 968 716 473 544 705
 856 715  99 998 835  75 411 934 714 299 412 451 576 562 983 132 270 859
 831 833 875 129 414 345 254 935 224 641] , score 0.001996007984031936
--------------------------------------------------

